emissions: 0.04845845838858763
cpu_power: 1070.509090909091
ram_power: 450.0
cpu_energy: 0.10449843851527063
ram_energy: 0.02665717607249947
energy_consumed: 0.1311556145877705
