emissions: 0.0066897513660045
cpu_power: 1514.0
ram_power: 300.0
cpu_energy: 0.014565641440030499
ram_energy: 0.0035405567557905
energy_consumed: 0.018106198195822498
